八国集团同五国





本条目需要补充更多来源。（2017年5月29日） 
请协助添加多方面可靠来源以改善这篇条目，无法查证的内容可能會因為异议提出而移除。 







本条目需要擴充。（2017年5月29日） 
请協助改善这篇條目，更進一步的信息可能會在討論頁或扩充请求中找到。请在擴充條目後將此模板移除。 


八国集团同五国（Group of Eight + Five ,G8+5）為八大工業國組織（美國、加拿大、英國、法國、德國、意大利、日本、俄羅斯，其中俄羅斯目前遭會籍遭凍結）及五國集團（中華人民共和國、印度、南非、巴西、墨西哥）的合稱。
所含國家[编辑]


成员国
贸易额
百万美元
（2014）
名义GDP
百万美元
（2014）[1]
GDP（PPP）
百万美元
（2014）[1]
人均名义GDP
美元
（2014）[1]
人均GDP（PPP）
美元
（2014）[1]
HDI
（2015）
人口
（2014）


 巴西
484,600
2,346,583
3,275,799
11,573
16,155
0.755
202,768,000


 加拿大
947,200
1,785,387
1,595,975
50,304
44,967
0.913
35,467,000


 中华人民共和国
4,201,000
10,356,508
18,088,054
7,572
13,224
0.727
1,367,520,000


 法国
1,212,300
2,833,687
2,591,170
44,332
40,538
0.888
63,951,000


 德國
2,866,600
3,874,437
3,748,094
47,774
46,216
0.916
80,940,000


 印度
850,600
2,051,228
7,411,093
1,608
5,808
0.609
1,259,695,000


 義大利
948,600
2,147,744
2,135,359
35,335
35,131
0.873
59,960,000


 日本
1,522,400
4,602,367
4,767,157
36,222
37,519
0.891
127,061,000


 墨西哥
813,500
1,291,062
2,148,884
10,784
17,950
0.756
119,581,789


 俄羅斯
844,200
1,860,598
3,576,841
12,718
24,449
0.798
146,300,000


 南非
200,100
350,082
707,097
6,483
13,094
0.666
53,699,000


 英國
1,189,400
2,950,039
2,569,218
45,729
39,826
0.907
64,511,000


 美國
3,944,000
17,348,075
17,348,075
54,370
54,370
0.915
318,523,000



^ 1.0 1.1 1.2 1.3 Gross domestic product. IMF World Economic Outlook. October 2015 [14 October 2015]. 





分类：國際環境組織氣侯變遷組織2005年建立的組織G8隐藏分类：自2017年5月需补充来源的条目拒绝当选首页新条目推荐栏目的条目自2017年5月扩充中的条目