貪污感知指數










2015年各国清廉指数示意图


    90 - 100
    60 - 69
    30 - 39


    80 - 89
    50 - 59
    20 - 29


    70 - 79
    40 - 49
    10 - 19


    缺乏资料
    0 - 9





貪污感知指數（英语：Corruption Perceptions Index，缩写：CPI[1]）或译作腐败感知指数、清廉指数、清廉印象指数等，是透明国际自1995年起每年发布的评估，就世界各国民众对于当地腐败状况的主观感知程度予以评估及排名[2][3]。清廉指数评分越高，意味着感知的腐败程度越低。2017年1月25日该机构發佈2016年年度指數，共计有176個國家或地区获得排名。



目录


1 評分標準
2 列表
3 参考来源
4 外部链接



評分標準[编辑]
貪污感知指數是根據各國商人、學者與國情分析師，對各國公務人員與政治人物貪腐程度的評價，以滿分100分代表最清廉，資料來源包含自由之家、瑞士洛桑國際管理學院（IMD）等10個國際組織。
列表[编辑]


贪污感知指数
（根据透明国际发布数据）





2016年
排名
国家或地区
指数


2016
[4]
2015
[5]
2014
[6]
2013
[7]
2012
[8]
2011
[9]
2010
[10]
2009
[11]
2008
[12]
2007
[13]
2006
[14]
2005
[15]
2004
[16]
2003
[17]
2002
[18]


1
 丹麥
90
91
92
91
90
9.4
9.3
9.3
9.3
9.4
9.5
9.5
9.5
9.5
9.5


1
 新西蘭
90
88
91
91
90
9.5
9.3
9.4
9.3
9.4
9.6
9.6
9.5
9.5
9.4


3
 芬兰
89
90
89
89
90
9.4
9.2
8.9
9.0
9.4
9.6
9.6
9.7
9.7
9.9


3
 瑞典
88
89
87
89
88
9.3
9.2
9.2
9.3
9.3
9.2
9.2
9.3
9.3
9.0


5
 瑞士
86
86
86
85
86
8.8
8.7
9.0
9.0
9.0
9.1
9.1
8.8
8.5
8.4


6
 挪威
85
87
86
86
85
9.0
8.6
8.6
7.9
8.7
8.8
8.9
8.8
8.5
8.6


7
 新加坡
84
85
84
86
87
9.2
9.3
9.2
9.2
9.3
9.2
9.3
9.4
9.4
9.4


8
 荷蘭
83
87
83
83
84
8.9
8.8
8.9
8.9
9.0
8.7
8.6
8.9
9.0
8.8


9
 加拿大
82
83
81
81
84
8.7
8.9
8.7
8.7
8.7
8.5
8.4
8.7
9.0
8.9


10
 德國
81
81
79
78
79
8.0
7.9
8.0
7.9
7.8
8.0
8.2
7.7
7.3
7.4


10
 卢森堡
81
81
82
80
80
8.5
8.5
8.2
8.3
8.4
8.6
8.5
8.7
9.0
8.7


10
 英國
81
81
78
76
74
7.8
7.6
7.7
7.7
8.4
8.6
8.6
8.6
8.7
8.3


13
 澳大利亚
79
79
80
81
85
8.8
8.7
8.7
8.7
8.6
8.7
8.8
8.8
8.6
8.5


14
 冰島
78
79
79
78
82
8.3
8.5
8.7
8.9
9.2
9.6
9.7
9.6
9.4
9.2


15
 比利時
77
77
76
75
75
7.5
7.1
7.1
7.3
7.1
7.3
7.4
7.6
7.1
6.6


15
 香港
77
75
74
75
77
8.4
8.4
8.2
8.1
8.3
8.3
8.3
8.0
8.2
7.9


17
 奥地利
75
76
72
69
69
7.8
7.9
7.9
8.1
8.1
8.6
8.7
8.0
7.8
7.8


18
 美國
74
76
74
73
73
7.1
7.1
7.5
7.3
7.2
7.3
7.6
7.5
7.7
7.6


19
 爱尔兰
73
75
74
72
69
7.5
8.0
8.0
7.7
7.5
7.4
7.4
7.5
6.9
7.5


20
 日本
72
75
76
74
74
8.0
7.8
7.7
7.3
7.5
7.6
7.3
7.0
7.1
7.1


21
 乌拉圭
71
74
73
73
72
7.0
6.9
6.7
6.9
6.7
6.4
5.9
5.5
5.1
5.1


22
 爱沙尼亚
70
70
69
68
64
6.4
6.5
6.6
6.6
6.5
6.7
6.4
5.5
5.6
5.6


23
 法国
69
70
69
71
71
7.0
6.8
6.9
6.9
7.3
7.4
7.5
6.9
6.3
6.7


24
 巴哈马
66
 
71
71
71
7.3
 
 
 
 
 
 
 
 
 


24
 智利
66
70
73
71
72
7.2
7.2
6.7
6.9
7.0
7.3
7.3
7.4
7.5
7.5


24
 阿联酋
66
70
70
69
68
6.8
6.3
6.5
5.9
5.7
6.2
6.2
6.1
5.2
 


27
 不丹
65
65
65
63
63
5.7
5.7
5.0
5.4
5.0
 
 
 
 
 


28
 以色列
64
61
60
61
60
5.8
6.1
6.1
6.0
6.1
5.9
6.3
6.4
7.0
7.3


29
 波蘭
62
62
61
60
58
5.5
5.3
5.0
4.6
4.2
3.7
3.4
3.5
3.6
4.0


29
 葡萄牙
62
63
63
62
63
6.1
6.0
5.8
6.1
6.5
6.6
6.5
6.6
6.3
6.3


31
 巴巴多斯
61
 
74
75
76
7.8
7.8
7.4
7.0
6.9
6.7
6.9
 
 
 


31
 卡塔尔
61
71
69
68
68
7.2
7.7
7.0
6.5
6.0
6.0
5.9
5.6
 
 


31
 斯洛維尼亞
61
60
58
57
61
5.9
6.4
6.6
6.7
6.6
6.4
6.1
5.9
6.0
5.2


31
 中華民國（臺灣）
61
62
61
61
61
6.1
5.8
5.6
5.7
5.7
5.9
5.9
5.6
5.7
5.6


35
 博茨瓦纳
60
63
63
64
65
6.1
5.8
5.6
5.8
5.4
5.6
5.9
6.0
5.7
6.4


35
 圣卢西亚
60
 
 
71
71
7.0
 
7.0
7.1
6.8
 
 
 
 
 


35
 聖文森及格瑞那丁
60
 
67
62
62
5.8
 
6.4
6.5
6.1
 
 
 
 
 


38
 佛得角
59
55
57
58
60
5.5
5.1
5.1
5.1
4.9
 
 
 
 



38
 多米尼克
59
 
58
58
58
5.2
5.2
5.9
6.0
5.6
4.5
3.0
2.9
3.3
3.2 


38
 立陶宛
59
61
58
57
54
4.8
5.0
4.9
4.6
4.8
4.8
4.8
4.6
4.7
4.8


41
 文莱
58
 
 
60
55
5.2
5.5
5.5
 
 
 
 
 
 
 


41
 哥斯达黎加
58
55
54
53
54
4.8
5.3
5.3
5.1
5.0
4.1
4.2
4.9
4.3
4.5


41
 西班牙
58
58
60
59
65
6.2
6.1
6.1
6.5
6.7
6.8
7.0
6.9
7.1
7.0


44
 格鲁吉亚
57
52
52
49
52
4.1
3.8
4.1
3.9
3.4
2.8
2.3
2.0
1.8
2.4


44
 拉脫維亞
57
55
55
53
49
4.2
4.3
4.5
5.0
4.8
4.7
4.2
4.0
3.8
3.7


46
 格瑞那達
56
 
 
 
 
 
 
 
 
 
 
 
 
 
 


47
 賽普勒斯
55
61
63
63
66
6.3
6.3
6.6
6.4
5.3
5.6
5.7
5.4
6.1
 


47
 捷克
55
56
51
48
49
4.4
4.6
4.9
5.2
5.2
4.8
4.3
4.2
3.9
3.7


47
 馬爾他
55
56
55
56
57
5.6
5.6
5.2
5.8
5.8
6.4
6.4
 
 
 


50
 模里西斯
54
53
54
52
57
5.2
5.4
5.4
5.5
4.7
5.1
4.2
4.1
4.4
4.5


50
 卢旺达
54
54
49
53
53
5.0
4.0
3.3
3.0
2.8
2.5
3.1
 
 
 


52
 韩国
53
56
55
55
56
5.4
5.4
5.5
5.6
5.1
5.1
5.0
4.5
4.3
4.5


53
 纳米比亚
52
53
49
48
48
4.4
4.4
4.5
4.5
4.5
4.1
4.3
4.1
4.7
5.7


54
 斯洛伐克
51
51
50
47
46
4.0
4.3
4.5
5.0
4.9
4.7
4.3
4.0
3.7
3.7


55
 克罗地亚
49
51
48
48
46
4.0
4.1
4.1
4.4
4.1
3.4
3.4
3.5
3.7
3.8


55
 马来西亚
49
50
52
50
49
4.3
4.4
4.5
5.1
5.1
5.0
5.1
5.0
5.2
4.9


57
 匈牙利
48
51
54
54
55
4.6
4.7
5.1
5.1
5.3
5.2
5.0
4.8
4.8
4.9


57
 约旦
48
53
49
45
48
4.5
4.7
5.0
5.1
4.7
5.3
5.7
5.3
4.6
4.5


57
 羅馬尼亞
48
46
43
43
44
3.6
3.7
3.8
3.8
3.7
3.1
3.0
2.9
2.8
2.6


60
 古巴
47
47
46
46
48
4.2
3.7
4.4
4.3
4.2
3.5
3.8
3.7
4.6
 


60
 義大利
47
44
43
43
42
3.9
3.9
4.3
4.8
5.2
6.2
6.2
5.2
 
 


62
 聖多美和普林西比
46
42
42
42
42
3.0
3.0
2.8
2.7
2.7
 
 
 
 
 


62
 沙烏地阿拉伯
46
52
49
46
44
4.7
4.7
4.3
3.5
3.4
3.3
3.4
3.4
4.5
 


64
 蒙特內哥羅
45
44
42
44
41
4.0
3.7
3.9
3.4
3.3
 
 
 
 
 


64
 阿曼
45
45
45
47
47
4.8
5.3
5.5
5.5
4.7
5.4
6.3
6.1
6.3
 


64
 塞内加尔
45
44
43
41
36
2.9
2.9
3.0
3.4
3.6
3.3
3.2
3.0
3.2
3.1


64
 南非
45
44
44
42
43
4.1
4.5
4.7
4.9
5.1
4.6
4.5
4.6
4.4
4.8


64
 苏里南
45
36
36
36
37
3.0
 
 
 
 
 
 
 
 



69
 希臘
44
46
43
40
36
3.4
3.5
3.8
4.7
4.6
4.4
4.3
4.3
4.3
4.2


70
 巴林
43
51
49
48
51
5.2
4.9
5.1
5.4
5.0
5.7
5.8
5.8
6.1
 


70
 加纳
43
47
48
46
45
3.9
4.1
3.9
3.9
3.7
3.3
3.5
3.6
3.3
3.9


72
 布吉納法索
42
38
38
38
38
3.0
3.1
3.6
3.5
2.9
3.2
3.4
 
 
 


72
 塞爾維亞[19]
42
40
41
42
39
3.3
3.5
3.4
3.4
3.0
2.8
2.7
2.3
 
 


72
 所罗门群岛
42
 
 
 
 
 
 
 
 
 
 
 
 
 
 


75
 保加利亚
41
41
43
41
41
3.3
3.6
3.8
3.6
4.1
4.0
4.0
4.1
3.9
4.0


75
 科威特
41
49
44
43
44
4.6
4.5
4.1
4.3
4.3
4.8
4.7
4.6
5.3
 


75
 突尼西亞
41
38
40
41
41
3.8
4.3
4.2
4.4
4.2
4.6
4.9
5.0
4.9
4.8


75
 土耳其
41
42
45
50
49
4.2
4.4
4.4
4.6
4.1
3.8
3.5
3.2
3.1
3.2


79
 白俄羅斯
40
32
31
29
31
2.4
2.5
2.0
2.1
2.1
2.6
3.3
4.2
4.8
 


79
 巴西
40
38
43
42
43
3.8
3.7
3.7
3.5
3.5
3.3
3.7
3.9
3.9
4.0


79
 中国
40
37
36
40
39
3.6
3.5
3.6
3.6
3.5
3.3
3.2
3.4
3.4
3.5


79
 印度
40
38
38
36
36
3.1
3.3
3.4
3.4
3.5
3.3
2.9
2.8
2.8
2.7


83
 阿尔巴尼亚
39
36
33
31
33
3.1
3.3
3.2
3.4
2.9
2.6
2.4
2.5
2.5
2.5


83
 波斯尼亚和黑塞哥维那
39
38
39
42
42
3.2
3.2
3.2
3.3
2.9
2.9
3.1
3.3
 
 


83
 牙买加
39
41
38
38
38
3.3
3.3
3.0
3.1
3.3
3.7
3.6
3.3
3.8
4.0


83
 賴索托
39
44
49
49
45
3.5
3.5
3.3
3.2
3.3
3.2
3.4
 
 
 


87
 蒙古
38
39
39
38
36
2.7
2.7
3.0
3.0
2.8
3.0
3.0
 
 
 


87
 巴拿马
38
39
37
35
38
3.3
3.6
3.4
3.4
3.2
3.1
3.5
3.7
3.4
3.0


87
 尚比亞
38
38
38
38
37
3.2
3.0
3.0
2.8
2.6
2.6
2.6
2.6
2.5
2.6


90
 哥伦比亚
37
37
37
36
36
3.4
3.5
3.7
3.8
3.8
3.9
4.0
3.8
3.7
3.6


90
 印尼
37
36
34
32
32
3.0
2.8
2.8
2.6
2.3
2.4
2.2
2.0
1.9
1.9


90
 利比里亚
37
37
37
38
41
3.2
3.3
3.1
2.4
2.1
 
2.2
 
 
 


90
 摩洛哥
37
36
39
37
37
3.4
3.4
3.3
3.5
3.5
3.2
3.2
3.2
3.3
3.7


90
 馬其頓
37
42
45
44
43
3.9
4.1
3.8
3.6
3.3
2.7
2.7
2.7
2.3
 


95
 阿根廷
36
32
34
34
35
3.0
2.9
2.9
2.9
2.9
2.9
2.8
2.5
2.5
2.8


95
 贝宁
36
37
39
36
36
3.0
2.8
2.9
3.1
2.7
2.5
2.9
3.2
 
 


95
 薩爾瓦多
36
39
39
38
38
3.4
3.6
3.4
3.9
4.0
4.0
4.2
3.7
3.4
3.2


95
 科索沃
36
33
33
33
34
2.9
2.8
 
 
 
 
 
 
 
 


95
 馬爾地夫
36
 
 
 
 
 
 
 
 
 
 
 
 
 
 


95
 斯里蘭卡
36
37
38
37
40
3.3
3.2
3.1
3.2
3.2
3.1
3.2
3.5
3.4
3.7


101
 加彭
35
34
37
34
35
3.0
2.8
2.9
3.1
3.3
3.0
2.9
3.3
 
 


101
 尼日尔
35
34
35
34
33
2.5
2.6
2.8
2.6
2.3
2.4
2.2
 
 
 


101
 秘魯
35
36
38
38
38
3.4
3.5
3.7
3.6
3.5
3.3
3.5
3.5
3.7
3.4


101
 菲律賓
35
35
38
36
34
2.6
2.4
2.3
2.5
2.5
2.5
2.6
2.5
2.6
 


101
 泰國
35
38
38
35
37
3.4
3.5
3.4
3.5
3.3
3.6
3.8
3.6
3.3
3.2


101
 东帝汶
35
28
28
30
33
2.4
2.5
2.2
2.6
2.6
 
 
 
 
 


101
 千里達及托巴哥
35
39
38
38
39
3.2
3.6
3.6
3.6
3.4
3.2
3.8
4.2
4.6
4.9;


108
 阿尔及利亚
34
36
36
36
34
2.9
2.9
2.8
3.2
3.0
3.1
2.8
2.7
2.6
 


108
 科特迪瓦
34
32
32
27
29
2.2
2.2
2.0
2.1
 
1.9
2.0
2.1
2.7
 


108
 埃及
34
36
37
32
32
2.9
3.1
2.8
2.8
2.9
3.3
3.4
3.2
3.3
3.4


108
 衣索比亞
34
33
33
33
33
2.7
2.7
2.6
2.4
2.4
2.2
2.3
2.5
3.5
 


108
 圭亚那
34
29
30
27
28
2.5
2.7
2.6
2.6
2.5
2.5
 
 
 
 


113
 亞美尼亞
33
35
37
36
34
2.6
2.6
2.9
3.0
2.9
2.9
3.1
3.0
 
 


113
 玻利维亚
33
34
35
34
34
2.8
2.8
2.7
3.0
2.9
2.7
2.5
2.2
2.3
2.2


113
 越南
33
31
31
31
31
2.9
2.7
2.7
2.6
2.6
2.6
2.6
2.4
2.4
 


116
 马里
32
35
32
28
34
2.8
2.7
3.1
2.7
2.8
2.9
3.2
3.0
 
 


116
 巴基斯坦
32
30
29
28
27
2.5
2.3
2.5
2.4
2.2
2.1
2.1
2.5
2.6
 


116
 坦桑尼亚
32
30
31
33
35
3.0
2.7
3.0
3.2
2.9
2.9
2.8
2.5
2.7
 


116
 多哥
32
32
29
29
30
2.4
2.4
2.7
2.3
2.4
 
 
 
 
 


120
 多米尼加
31
33
32
29
32
2.6
3.0
3.0
3.0
3.2
2.8
3.0
2.9
3.3
3.5


120
 厄瓜多尔
31
32
33
35
32
2.7
2.5
2.0
2.1
2.3
2.5
2.4
2.2
2.2
 


120
 马拉维
31
31
33
37
37
3.0
3.4
3.3
2.8
2.7
2.7
2.8
2.8
2.8
2.9


123
 阿塞拜疆
30
29
29
28
27
2.4
2.4
1.9
2.1
2.4
2.2
1.9
1.8
2.0
 


123
 吉布提
30
34
34
36
36
3.0
3.2
3.0
2.9
 
 
 
 
 
 


123
 洪都拉斯
30
31
29
26
28
2.6
2.4
2.6
2.5
2.5
2.6
2.3
2.3
2.7
 


123
 老挝
30
25
25
26
21
2.2
2.1
2.0
1.9
2.6
3.3
 
 
 
 


123
 墨西哥
30
35
35
34
34
3.0
3.1
3.3
3.6
3.5
3.3
3.5
3.6
3.6
3.6


123
 摩尔多瓦
30
33
35
35
36
2.9
2.9
3.3
2.9
2.8
3.2
2.9
2.3
2.4
2.1


123
 巴拉圭
30
27
24
24
25
2.2
2.2
2.4
2.4
2.6
2.1
1.9
1.6
1.7
 


123
 塞拉利昂
30
29
31
30
31
2.5
2.4
1.9
2.1
2.2
2.4
2.3
2.2
 
 


131
 伊朗
29
27
27
25
28
2.7
2.2
2.3
2.5
2.7
2.9
2.9
3.0
 
 


131
 哈萨克斯坦
29
28
29
26
28
2.7
2.9
2.7
2.2
2.1
2.6
2.6
2.2
2.4
2.3


131
 尼泊尔
29
27
29
31
27
2.2
2.2
2.7
2.5
2.5
2.5
2.8
 
 
 


131
 俄羅斯
29
29
27
28
28
2.4
2.1
2.1
2.1
2.5
2.4
2.8
2.7
2.7
 


131
 烏克蘭
29
27
26
25
26
2.3
2.4
2.5
2.7
2.8
2.6
2.2
2.3
2.4
 


136
 危地马拉
28
28
32
29
33
2.7
3.2
3.4
3.1
2.8
2.6
2.5
2.2
2.4
2.5


136
 吉尔吉斯斯坦
28
28
27
24
24
2.1
2.0
1.8
2.1
2.2
2.3
2.2
2.1
 
 


136
 黎巴嫩
28
28
27
28
30
2.5
2.5
3.0
3.0
3.6
3.1
2.7
3.0
 
 


136
 緬甸
28
22
21
21
15
1.5
1.4
1.3
1.4
1.9
1.8
1.7
1.6
 
 


136
 奈及利亞
28
26
27
25
27
2.4
2.4
2.7
2.2
2.2
1.9
1.6
1.4
1.6
 


136
 巴布亚新几内亚
28
25
25
25
25
2.2
2.1
2.0
2.0
2.4
2.3
2.6
2.1
 
 


142
 几内亚
27
25
25
24
24
2.1
2.0
1.6
1.9
1.9
 
 
 
 
 


142
 毛里塔尼亚
27
31
30
30
31
2.4
2.3
2.8
2.6
3.1
 
 
 
 
 


142
 莫桑比克
27
31
31
30
31
2.7
2.7
2.6
2.8
2.8
2.8
2.8
2.7
 
 


145
 孟加拉国
26
25
25
27
26
2.7
2.4
2.1
2.0
2.0
1.7
1.5
1.3
1.2
 


145
 喀麦隆
26
27
27
25
26
2.5
2.2
2.3
2.4
2.3
2.2
2.1
1.8
2.2
 


145
 冈比亚
26
28
29
28
34
3.5
3.2
2.9
1.9
2.3
2.5
2.7
2.8
2.5
 


145
 肯尼亚
26
25
25
27
27
2.2
2.1
2.1
2.1
2.2
2.1
2.1
1.9
1.9
 


145
 马达加斯加
26
28
28
28
32
3.0
2.6
3.4
3.2
3.1
2.8
3.1
2.6
1.7
 


145
 尼加拉瓜
26
27
28
28
29
2.5
2.5
2.5
2.6
2.6
2.6
2.7
2.6
2.5
 


151
 塔吉克斯坦
25
26
23
22
22
2.3
2.1
2.0
2.1
2.2
2.1
2.0
1.8
 
 


151
 乌干达
25
25
26
26
29
2.4
2.5
2.6
2.8
2.7
2.5
2.6
2.2
2.1
 


153
 科摩罗
24
26
26
28
28
2.4
2.1
2.5
2.6
 
 
 
 
 
 


154
 土库曼斯坦
22
18
17
17
17
1.6
1.6
1.8
2.0
2.2
1.8
2.0
 
 
 


154
 辛巴威
22
21
21
21
20
2.2
2.4
1.8
2.1
2.4
2.6
2.3
2.3
2.7
 


156
 柬埔寨
21
21
21
20
22
2.1
2.1
1.8
2.0
2.1
2.3
1.5
1.3
1.2
 


156
 刚果（金）
21
22
22
22
21
2.0
2.0
1.8
1.9
2.0
2.1
2.0
 
 
 


156
 乌兹别克斯坦
21
19
18
17
17
1.6
1.6
1.8
1.7
2.7
2.2
2.3
2.4
2.9
 


159
 布隆迪
20
21
20
21
19
1.9
1.8
1.9
2.5
2.4
2.3
 
 
 
 


159
 中非
20
24
24
25
26
2.2
2.1
2.0
2.0
2.4
 
 
 
 
 


159
 乍得
20
22
22
19
19
2.1
2.0
1.7
1.6
1.8
2.0
1.7
1.7
 
 


159
 海地
20
17
19
19
19
1.8
2.2
1.4
1.6
1.8
1.8
1.5
1.5
2.2
 


159
 刚果（布）
20
23
23
22
26
2.2
2.1
1.9
2.1
2.2
2.3
2.3
2.2
 
 


164
 安哥拉
18
15
19
23
22
2.0
1.9
2.2
1.9
2.2
2.0
2.0
1.8
1.7
 


164
 厄立特里亚
18
18
18
20
25
2.5
2.6
2.6
2.8
2.9
2.6
2.6
 
 
 


166
 伊拉克
17
16
16
16
18
1.8
1.5
1.3
1.5
1.9
2.2
2.1
2.2
 
 


166
 委內瑞拉
17
17
19
20
19
1.9
2.0
1.9
2.0
2.3
2.3
2.3
2.4
2.5
 


168
 几内亚比绍
16
17
19
19
25
2.2
2.1
1.9
2.2
 
 
 
 
 
 


169
 阿富汗
15
11
12
08
08
1.5
1.4
1.5
1.8
 
2.5
 
 
 
 


170
 利比亞
14
16
18
15
21
2.0
2.2
2.6
2.5
2.7
2.5
2.5
2.1
 
 


170
 苏丹
14
12
11
11
13
1.6
1.6
1.6
1.8
2.0
2.1
2.2
2.3
 
 


170
 葉門
14
18
19
18
23
2.1
2.2
2.3
2.5
2.6
2.7
2.4
2.6
2.4
 


173
 叙利亚
13
18
20
17
26
2.6
2.5
2.1
2.4
2.9
3.4
3.4
3.4
 
 


174
 朝鲜
12
08
08
08
08
1.0
 
 
 
 
 
 
 
 
 


175
 南蘇丹
11
15
15
14
 
 
 
 
 
 
 
 
 
 
 


176
 索馬利亞
10
08
08
08
08
1.0
1.1
1.0
1.4
 
2.1
 
 
 
 


—
 波多黎各（美国）
 
 
63
62
63
5.6
5.8
5.8
5.8
 
 
 
 
 
 


—
 塞舌尔
 
55
55
54
52
4.8
4.8
4.8
4.8
4.5
3.6
4.0
4.4
 
 


—
 萨摩亚
 
 
52
 
 
 
 
7.0
7.1
6.8
 
 
 
 
 


—
 斯威士兰
 
 
43
39
37
3.1
3.2
3.6
3.6
3.3
2.5
2.7
 
 
 


—
 赤道几内亚
 
 
 
19
20
1.9
1.9
1.7
1.9
2.1
1.9
 
 
 
 





参考来源[编辑]


^ 注意不要与消费者物价指数混淆。
^ 国际清廉指数公佈，亚太日报，2013年12月4日
^ 透明国际CPI指数。
^ TABLE OF RESULTS: CORRUPTION PERCEPTIONS INDEX 2016. 透明国际. [2017-01-25] （英语）. 
^ TABLE OF RESULTS: CORRUPTION PERCEPTIONS INDEX 2015. 透明国际. [2016-02-15] （英语）. 
^ CORRUPTION PERCEPTIONS INDEX 2014: RESULTS. 透明国际. [2015-08-28] （英语）. 
^ CORRUPTION PERCEPTIONS INDEX 2013. 透明国际. [2015-08-28] （英语）. 
^ CORRUPTION PERCEPTIONS INDEX 2012. 透明国际. [2015-08-28] （英语）. 
^ CORRUPTION PERCEPTIONS INDEX 2011. 透明国际. [2015-08-28] （英语）. 
^ CORRUPTION PERCEPTIONS INDEX 2010. 透明国际. [2015-08-28] （英语）. 
^ CORRUPTION PERCEPTIONS INDEX 2009. 透明国际. [2015-08-28] （英语）. 
^ CORRUPTION PERCEPTIONS INDEX 2008. 透明国际. [2015-08-28] （英语）. 
^ CORRUPTION PERCEPTIONS INDEX 2007. 透明国际. [2015-08-28] （英语）. 
^ CORRUPTION PERCEPTIONS INDEX 2006. 透明国际. [2015-08-28] （英语）. 
^ CORRUPTION PERCEPTIONS INDEX 2005. 透明国际. [2015-08-28] （英语）. 
^ CORRUPTION PERCEPTIONS INDEX 2004. 透明国际. [2015-08-28] （英语）. 
^ CORRUPTION PERCEPTIONS INDEX 2003. 透明国际. [2015-08-28] （英语）. 
^ CORRUPTION PERCEPTIONS INDEX 2002. 透明国际. [2015-08-28] （英语）. 
^ 2002年至2005年数据为塞尔维亚和黑山国家联盟的数据。


外部链接[编辑]

2007年透明国际CPI列表
2008年透明国际CPI列表
2009年透明国际CPI列表
2010年透明国际CPI列表
2011年透明国际CPI列表
2012年透明国际CPI列表
2013年透明国际CPI列表
2014年透明国际CPI列表
2015年透明国际CPI列表
2016年透明国际CPI列表















查
论
编


國家相關統計、指標列表










 
地球科學類











地理




面积

陆地
土地使用
森林
岛屿


索引
陆地边界
最高点
最低點
海岸线
淡水资源

消耗量
灌溉面积


鄰國數量
時區









环境




環境可持續指數
环境绩效
大气排放量

温室气体
二氧化碳


生态足迹
自然灾害
世界遗产
快乐星球指数（英语：Happy Planet Index）


















 
應用科學類











農業




农业总产值
谷物产量

粗粮


番茄产量
苹果产量
葡萄酒产量
渔业与水产









工業




能源消耗

生產及消耗
人均能量消耗


電力

電力消耗
電力生產


石油

储量
产量
消费量


天然气

储量
产量
消费量


核能
可再生能源
水电站
水泥
大桥





矿产




煤
铀

储量
产量


膨润土
钾长石
萤石
云母
石棉
盐
矽
钻石









冶金




铁
钢
铜
氧化铝
铝
鋰
锌
銀
黄金
鉑
鎂
铋
锰












交通運輸






公路




公路里程
高速里程
汽车产量
汽车拥有量
交通事故死亡率
无轨电车

现存
曾有











铁路




铁路里程

鐵路利用


高速铁路
地铁

長度
車站數
年乘客量
路面电车与轻轨











水路




水路里程
商船噸位









航空




机场数量
直升機場數量












大众媒体




固定电话
移动电话
智慧型手機
互联网

宽带用户
主机


书籍
新闻自由


















 
社會科學類











人口




人口

1900年
1950年
当前


人口密度
人口增长率
性別比
城市化率
净迁移率
移民数
劳动力
失业率
离婚率
語言
IQ
诺贝尔奖获得者





衛生




出生率
生育率
预期寿命
年龄中位数
艾滋病
营养不良
身高
婴儿死亡率
死亡率
食物热量
人均医疗费用
医生数量
医疗服务品质









教育




教育指数
教育开支
识字率
学生能力评估









宗教




信仰比例
宗教干預度
佛教
基督教
伊斯兰教
巴哈伊教












政治




政體
执政党
共和国
帝國
民主指数
民主與獨裁指數
行贿指数
貪污感知指數
失败国家指数
自由指數
國家實力綜合指數









軍事力




兵力

維和部隊


国防预算
核武器
警察数
没有军队的国家
军事装备









治安法律




谋杀率
自杀率
监禁率
枪支

枪支比率
死亡比率


各國死刑列表
和平指數
恐怖主義指數









经济貿易




经济自由度

列表


经商容易度
国际收支
进口额
出口额

人均


贸易伙伴（英语：List of countries by leading trade partners）
通胀率
儲蓄率
全球化
全球竞争力
产权
公司治理（英语：List of countries by_corporate governance）
收入均衡

基尼系数
财富分配（英语：List of countries by distribution of wealth）


最低工資
房价收入比
各國貨幣
R&D





財政
金融




税收
税率
政府预算
接受援助款
国债
外债
主权信用评级
外汇储备
黃金儲備
外部资产
主权财富基金（英语：List of countries by_sovereign wealth funds）
利率

央行贴现率
最優惠利率











GDP




国内生产总值

按国际汇率/人均
按购买力平价/人均
一级行政区
产业组成


实际增长率
国民总收入

人均
人均购买力平价


固定投資總額









消费量




茶叶
咖啡
乳類
烟草
酒精
啤酒












体育




奥林匹克运动会

主办城市
奖牌数


足球

世界盃主辦國
世界杯冠军


篮球
棒球


















 
綜合統計與生活质量類









人类发展指数

列表


生活质量指数
生活满意度
性別差距
旅游
世界快樂報告
國民幸福總值
美好生活指數
優良國家指數
社会进步指数
慈善捐助
各國聲譽排名















分类：腐败国家排名隐藏分类：CS1英语来源 (en)含有英語的條目