維基百科列表
全部271种语言版本以文章数排序，列出各语言版本的中文名、当地名同埋文章数目，ISO 639两位字母代码连结指向每个语言版本的头版，语言名连结指向关于每个语言的文，揿文章连结可以看每个语言版本的统计页。下面是已建立的语言版本列表。他们的进展会是多语言版本统计页（英文）上边公布追踪。



目录


1 注意
2 全部语言版本列表（以文章数目排序）

2.1 超过 1 000 000 個条目
2.2 超过 100 000 個条目
2.3 超过 10 000 個条目
2.4 超过 1 000 個条目
2.5 超过 100 個条目
2.6 超过 10 個条目
2.7 超过 1 個条目
2.8 没有任何条目（首页除外）
2.9 全部总数





注意[编辑]

「总数」欄目代表「所有」名空間的總數，包括條目与非條目（包括討論頁、用戶頁、分類頁、模、檔案（文件）、計劃頁、特別頁等）。
「活躍用戶」指在30天內有操作過（編輯、上傳等）維基百科的用戶。
「文件」包含媒體、音訊、圖片、視訊等。
「文章深度」，計法是「深度 = ( 編輯次數 / 條目數目 ) × ( 非條目數目 / 條目數目 ) × ( 1 - 小作品比重 )」，是維基百科一個粗略統計的質量指數，表示出文章更新的頻率。在列表中的「1,000篇文或以上」表格的部份或以下，某些維基百科的「深度」數據被省略是因為「深度」數據与質量没關係。
「比率」，計法是「文章數 / 總頁數」，是另一个衡量各維基百科的方式，不过在本頁並未顯示，詳情、數據及排名請看維基百科統計。

全部语言版本列表（以文章数目排序）[编辑]
超过 1 000 000 個条目[编辑]


排名
語言
當地語言
維基
條目
總數
編輯次數
管理員
用戶
活躍用戶
文件
深度


1
英语
English
en
5,482,385
43,161,064
911,411,743
1,249
31,831,169
129,313
855,132
997


2
宿务语
Sinugboanong Binisaya
ceb
5,362,130
8,940,048
15,796,172
4
39,119
1,627
0
1


3
瑞典语
Svenska
sv
3,786,572
7,574,853
39,646,564
67
549,319
2,662
0
5


4
德语
Deutsch
de
2,058,636
5,833,895
169,884,124
194
2,637,663
19,259
125,111
98


5
荷兰语
Nederlands
nl
1,900,509
3,801,736
50,143,895
47
836,696
3,795
20
13


6
法语
Français
fr
1,867,171
8,739,021
139,493,070
161
2,785,891
17,068
51,180
216


7
俄语
Русский
ru
1,391,578
5,229,958
97,550,575
86
2,096,598
10,800
198,405
142


8
意大利语
Italiano
it
1,353,707
4,771,995
92,722,563
110
1,501,306
8,125
136,430
124


9
西班牙语
Español
es
1,332,257
5,855,510
98,556,587
71
4,602,015
16,478
0
194


10
瓦瑞瓦瑞语
Winaray
war
1,262,465
2,873,539
6,295,566
2
31,888
77
46
4


11
波兰语
Polski
pl
1,220,159
2,626,798
49,143,976
105
815,332
4,294
1
25


12
越南语
Tiếng Việt
vi
1,155,929
3,470,344
26,640,801
22
542,522
1,522
22,895
31


13
日语
日本語
ja
1,059,252
3,091,941
64,977,371
48
1,205,697
13,031
84,131
77


超过 100 000 個条目[编辑]


排名
語言
當地語言
維基
條目
總數
編輯次數
管理員
用戶
活躍用戶
文件
深度


14
葡萄牙语
Português
pt
985,647
4,360,275
49,723,158
72
1,931,759
5,989
43,333
140


15
中文
汉语
zh
984,625
5,264,330
48,853,264
80
2,457,774
7,451
47,806
168


16
乌克兰语
Українська
uk
694,501
2,097,857
20,416,537
41
356,911
2,660
86,581
40


17
加泰罗尼亚语
Català
ca
541,488
1,352,617
18,773,360
25
256,127
1,430
10,050
31


18
波斯语
فارسی
fa
540,448
3,518,159
24,443,230
34
645,158
3,986
43,806
211


19
阿拉伯语
العربية
ar
519,776
2,827,683
25,986,694
34
1,325,053
4,766
30,266
181


20
书面挪威语
Norsk (Bokmål)
no
466,719
1,209,634
17,286,194
45
389,641
1,504
2
36


21
塞尔维亚-克罗地亚语
Srpskohrvatski / Српскохрватски
sh
438,501
4,561,088
40,757,044
10
105,592
221
8,519
790


22
芬兰语
Suomi
fi
413,457
1,117,511
17,290,961
38
345,362
1,724
48,129
45


23
匈牙利语
Magyar
hu
409,404
1,179,929
19,357,013
32
345,988
1,777
25,908
58


24
印尼语
Bahasa Indonesia
id
401,515
2,155,049
13,903,648
32
872,511
2,457
62,092
123


25
朝鲜语
한국어
ko
380,326
1,464,896
20,532,082
32
450,921
2,090
13,176
114


26
捷克语
Čeština
cs
379,646
1,010,867
14,927,554
27
369,853
2,168
1
41


27
罗马尼亚语
Română
ro
376,097
1,728,530
11,447,568
20
401,136
879
36,103
86


28
塞尔维亚语
Српски / Srpski
sr
348,335
1,355,754
13,005,685
16
199,414
872
28,581
80


29
土耳其语
Türkçe
tr
291,855
1,484,470
19,578,373
28
962,750
3,235
29,964
220


30
马来语
Bahasa Melayu
ms
288,493
786,689
4,328,690
18
191,918
366
21,661
16


31
米南佳保語
Minangkabau
min
221,603
229,828
917,336
3
3,472
20
188
0


32
世界语
Esperanto
eo
215,017
469,084
5,753,024
21
106,139
352
6,755
17


33
哈萨克语
Қазақша
kk
211,470
498,775
2,395,122
12
46,258
286
9,312
9


34
巴斯克語
Euskara
eu
207,608
562,585
5,049,779
10
58,852
301
1
26


35
斯洛伐克语
Slovenčina
sk
204,334
437,664
6,070,116
8
114,801
518
5
18


36
丹麦语
Dansk
da
199,260
680,739
8,473,543
29
240,409
1,020
2
73


37
保加利亚语
Български
bg
191,903
422,229
7,061,085
25
175,098
884
1,241
24


38
希伯来语
עברית
he
172,411
723,150
17,861,620
37
271,334
2,439
44,639
252


39
立陶宛语
Lietuvių
lt
171,922
384,972
4,948,621
17
88,981
458
17,572
20


40
亚美尼亚语
Հայերեն
hy
163,131
535,149
3,150,531
9
40,147
544
5,156
31


41
克罗地亚语
Hrvatski
hr
153,863
427,222
4,691,104
27
143,964
503
13,616
35


42
斯洛文尼亚语
Slovenščina
sl
146,012
340,968
4,615,918
25
132,348
432
6,362
24


43
爱沙尼亚语
Eesti
et
134,595
347,144
4,316,952
30
78,334
456
2,503
31


44
乌孜别克语
O‘zbek
uz
127,814
647,214
2,342,286
8
21,635
136
430
60


45
加利西亞語
Galego
gl
122,417
275,253
3,650,006
14
59,019
356
11,216
21


46
新挪威語
Nynorsk
nn
120,628
279,349
2,927,557
25
64,184
189
5
18


47
沃拉普克语
Volapük
vo
120,182
248,997
3,304,868
3
19,303
43
0
15


48
拉丁语
Latina
la
116,542
218,971
2,983,795
18
74,590
223
1
11


49
简单英语
Simple English
simple
112,881
366,641
12,508,908
19
438,707
774
23
172


50
希腊语
Ελληνικά
el
106,695
319,820
5,369,214
20
174,610
884
12,755
67


51
印地语
हिन्दी
hi
102,156
519,332
2,877,440
8
172,392
389
2,512
92


52
泰语
ไทย
th
119758
553,389
6,302,086
15
233,701
1,086
33,381
265


超过 10 000 個条目[编辑]


排名
語言
當地語言
維基
條目
總數
編輯次數
管理員
用戶
活躍用戶
文件
深度


53
阿塞拜疆语
Azərbaycanca
az
95,917
243,739
3,474,679
14
91,910
522
16,016
34


54
格鲁吉亚语
ქართული
ka
94,636
263,803
3,014,387
3
69,380
241
11,596
37


55
奥克语
Occitan
oc
88,488
142,326
2,103,668
4
23,027
111
1,285
5


56
車臣語
Нохчийн
ce
87,570
102,390
654,998
1
9,846
46
257
0


57
白俄罗斯语
Беларуская
be
83,349
203,953
2,062,343
10
50,030
240
1,464
21


58
马其顿语
Македонски
mk
81,945
367,143
4,144,226
15
55,101
203
6,951
137


59
马拉加斯语
Malagasy
mg
79,295
212,851
806,107
2
9,209
46
54
11


60
尼瓦尔语
नेपाल भाषा
new
72,361
195,288
828,440
1
12,864
30
83
12


61
乌尔都语
اردو
ur
69,755
319,635
4,276,828
15
41,156
166
4,259
172


62
鞑靼语
Tatarça / Татарча
tt
66,808
152,064
2,100,269
3
17,383
71
2,570
22


63
泰米尔语
தமிழ்
ta
66,635
204,883
1,934,792
37
81,456
233
10,828
41


64
皮埃蒙特語
Piemontèis
pms
63,768
94,243
852,616
9
13,154
41
2,262
2


65
威尔士语
Cymraeg
cy
63,642
149,414
5,270,933
16
32,506
102
15,600
64


66
他加祿語
Tagalog
tl
63,293
205,356
1,545,499
13
61,207
102
1,969
38


67
拉脱维亚语
Latviešu
lv
60,864
249,928
2,413,627
14
51,894
313
16,330
93


68
波斯尼亚语
Bosanski
bs
60,461
323,924
2,800,015
8
77,131
171
23,350
164


69
泰卢固语
తెలుగు
te
60,103
186,858
1,498,903
17
45,859
178
9,738
36


70
古白俄罗斯语
Беларуская (тарашкевіца)
be-x-old
56,427
145,341
1,861,678
5
40,606
158
1,432
32


71
粤语
粵語
zh-yue
56,323
104,529
1,150,030
9
139,734
245
1189
32


72
布列塔尼语
Brezhoneg
br
53,868
109,777
1,723,363
8
34,172
118
5,405
17


73
海地克里奧爾語
Krèyol ayisyen
ht
52,448
61,665
709,278
0
13,439
31
65
0


74
阿尔巴尼亚语
Shqip
sq
50,501
135,216
1,674,013
12
73,918
230
13,297
35


75
爪哇語
Basa Jawa
jv
48,425
121,369
951,193
7
24,441
70
5,234
18


76
卢森堡语
Lëtzebuergesch
lb
43,613
97,707
1,911,356
6
27,459
88
2,475
30


77
马拉地语
मराठी
mr
41,800
163,973
1,378,069
10
54,848
104
20,510
72


78
冰岛语
Íslenska
is
39,358
108,042
1,560,022
24
42,146
148
3,201
44


79
马拉雅拉姆语
മലയാളം
ml
38,979
266,115
2,227,350
18
69,551
235
4,672
284


80
孟加拉语
বাংলা
bn
35,556
392,041
1,910,142
15
85,494
562
3,038
--


81
南非語
Afrikaans
af
35,330
87,631
1,409,975
10
68,266
163
4,644
35


82
巴什基尔语
Башҡорт
ba
34,549
82,175
508,915
5
12,124
81
1,415
12


83
愛爾蘭語
Gaeilge
ga
34,417
56,942
788,987
7
22,539
85
1,260
6


84
西旁遮普语
شاہ مکھی پنجابی (Shāhmukhī Pañjābī)
pnb
33,838
41,018
420,772
1
13,469
43
267
0


85
楚瓦什語
Чăваш
cv
32,452
52,234
564,912
2
16,142
44
671
4


86
西弗里斯語
Frysk
fy
31,861
76,923
782,753
9
19,191
75
5,465
20


87
倫巴底語
Lumbaart
lmo
31,818
82,462
1,053,102
6
14,970
54
4,427
32


88
塔吉克语
Тоҷикӣ
tg
31,721
61,742
628,510
3
12,513
58
559
9


89
缅甸语
မြန်မာဘာသာ
my
31,180
52,828
238,665
3
28,667
83
4,157
2


90
低地蘇格蘭語
Scots
sco
31,118
87,203
471,152
5
26,627
73
333
18


91
约鲁巴语
Yorùbá
yo
31,046
53,404
547,424
1
12,178
47
213
5


92
阿拉贡语
Aragonés
an
30,605
99,407
1,604,119
6
35,367
86
1,167
82


93
柯尔克孜语
Кыргызча
ky
29,078
43,383
198,072
4
11,045
47
2,647
1


94
斯瓦希里语
Kiswahili
sw
28,771
72,952
992,112
9
20,894
67
1,987
32


95
伊多語
Ido
io
25,914
38,900
930,917
4
17,227
41
102
6


96
尼泊尔语
नेपाली
ne
25,869
70,770
475,667
15
21,848
127
364
20


97
古吉拉特语
ગુજરાતી
gu
25,491
56,233
391,181
3
24,514
57
272
10


98
西西里语
Sicilianu
scn
25,142
56,232
746,072
7
20,526
44
1,419
20


99
比什奴普萊利亞－曼尼浦爾語
ইমার ঠার/বিষ্ণুপ্রিয়া মণিপুরী
bpy
25,056
57,584
804,266
1
14,122
25
200
24


100
低地德语
Plattdüütsch
nds
23,134
58,230
776,647
5
23,686
52
0
31


101
庫爾德語
Kurdî / كوردی
ku
21,018
51,017
670,111
6
23,939
61
680
27


102
阿斯图里亚斯语
Asturianu
ast
20,246
39,626
796,357
9
28,303
86
23
18


103
克丘亞語
Runa Simi
qu
19,319
51,174
656,710
2
13,837
35
85
35


104
阿勒曼尼语
Alemannisch
als
18,871
44,249
647,124
8
43,069
89
778
26


105
巽他語
Basa Sunda
su
17,982
38,850
467,040
7
13,379
47
585
16


106
旁遮普語
ਪੰਜਾਬੀ
pa
16,892
55,135
240,084
4
10,630
97
963
22


107
卡纳达语
ಕನ್ನಡ
kn
16,106
60,644
526,269
5
25,909
109
3,230
66


108
中库尔德语
Soranî / کوردی
ckb
15,411
95,339
489,499
5
18,088
78
294
138


109
国际语
Interlingua
ia
14,425
25,059
553,774
6
21,741
44
26
12


110
蒙古语
Монгол
mn
14,367
42,678
453,611
7
34,302
113
1,474
41


111
那不勒斯语
Nnapulitano
nap
14,278
28,610
691,303
2
13,014
35
449
24


112
布吉語
Basa Ugi
bug
14,103
18,269
197,538
0
6,908
16
3
1


113
埃及阿拉伯語
مصرى (Maṣri)
arz
13,875
99,663
679,923
5
65,079
103
1,687
261


114
薩莫吉提亞語
Žemaitėška
bat-smg
13,860
23,563
339,229
4
13,613
33
651
7


115
瓦隆语
Walon
wa
13,731
35,470
321,373
2
11,061
27
2,221
23


116
闽南语
Bân-lâm-gú
zh-min-nan
13,346
32,309
470,896
6
21,781
40
434
29


117
阿姆哈拉语
አማርኛ
am
12,944
42,151
341,257
3
18,626
43
1,632
41


118
班尤马山语
Basa Banyumasan
map-bms
12,930
26,117
205,211
1
7,553
18
555
8


119
苏格兰盖尔语
Gàidhlig
gd
12,901
27,448
512,390
5
12,143
42
479
24


120
意第緒語
ייִדיש
yi
12,636
35,934
516,383
3
20,994
51
1,453
49


121
马赞德兰语
مَزِروني
mzn
12,028
24,538
131,673
3
9,729
28
224
6


122
僧伽罗语
සිංහල
si
11,233
50,928
343,632
2
21,093
67
4,059
84


123
法罗语
Føroyskt
fo
11,161
30,024
322,862
3
12,370
45
140
31


124
奥地利-巴伐利亚语
Boarisch
bar
10,845
38,047
456,858
5
28,385
80
690
76


125
威尼斯語
Vèneto
vec
10,553
32,459
588,242
4
14,643
47
707
78


126
納瓦特爾語
Nāhuatl
nah
10,462
20,747
404,542
3
11,465
35
214
19


127
雅库特语
Саха тыла (Saxa Tyla)
sah
10,338
33,607
338,962
2
10,007
35
2,097
51


128
奧塞梯語
Иронау
os
10,145
37,685
481,263
3
12,843
36
341
94


超过 1 000 個条目[编辑]


排名
語言
當地語言
維基
條目
總數
編輯次數
管理員
用戶
活躍用戶
文件
深度


126
那瓦特語
Nāhuatl
nah
9,691
19,378
393,448
5
9,889
33
214
20


127
塔倫提諾語
Tarandíne
roa-tara
9,182
16,888
132,700
4
5,016
10
310
6


128
巴伐利亞語
Boarisch
bar
9,172
32,642
395,591
6
24,118
77
506
79


129
奧塞梯語
Иронау
os
9,093
34,412
468,780
2
11,199
24
374
106


130
旁遮普語
ਪੰਜਾਬੀ
pa
8,507
24,676
158,052
0
7,037
46
499
23


131
卡片片甘語
Kapampangan
pam
8,299
17,827
286,625
2
8,496
17
891
21


132
上索布語
Hornjoserbsce
hsb
8,082
20,551
318,651
4
10,746
34
242
37


133
北薩米語
Sámegiella
se
7,639
16,285
282,837
5
10,769
20
59
22


134
林堡語
Limburgs
li
7,375
23,055
367,050
5
11,281
40
686
72


135
法羅語
Føroyskt
fo
7,330
19,503
290,012
8
10,150
35
534
41


136
毛利語
Māori
mi
7,043
12,582
144,591
10
5,777
11
13
7


137
科西嘉語
Corsu
co
6,635
13,075
340,416
2
8,210
28
66
25


138
伊羅肯諾語
Ilokano
ilo
6,605
26,440
223,920
3
6,278
24
141
76


139
贛語
贛語
gan
6,209
32,561
404,886
2
18,924
16
260
224


140
藏語
བོད་སྐད
bo
6,084
15,280
134,126
0
10,170
28
302
20


141
北弗里西亞語
Nordfriisk
frr
6,084
12,160
95,519
3
5,112
22
566
8


142
吉拉基語
گیلکی
glk
6,006
11,064
43,175
2
5,988
17
876
3


143
盧森尼亞語
русиньскый язык
rue
5,973
9,074
103,073
0
7,369
13
23
3


144
中比科爾語
Bikol
bcl
5,768
10,323
156,326
1
7,147
14
1,128
9


145
荷蘭低地撒克遜語
Nedersaksisch
nds-nl
5,303
14,640
292,964
7
10,689
23
1,106
62


146
佛羅語
Võro
fiu-vro
5,136
9,095
173,784
3
5,787
14
252
11


147
奧里亞語
ଓଡ଼ିଆ
or
5,127
27,979
148,829
4
6,173
56
103
106


148
山地馬里語
Кырык Мары (Kyryk Mary)
mrj
5,117
8,393
82,207
0
3,395
10
48
4


149
土庫曼語
تركمن/Туркмен
tk
4,942
11,368
196,288
1
8,628
23
374
29


150
普什托語
پښتو
ps
4,941
12,275
161,610
7
8,257
20
1,236
29


151
西佛蘭德語
West-Vlams
vls
4,799
14,942
280,220
6
9,978
22
564
84


152
明格列爾語
მარგალური (Margaluri)
xmf
4,718
15,573
106,532
2
4,417
20
0
36


153
曼島語
Gaelg
gv
4,679
17,187
301,250
2
8,109
21
206
125


154
札札其語
Zazaki
diq
4,299
18,785
341,615
2
9,953
28
193
206


155
西蘭語
Zeêuws
zea
4,141
7,486
95,238
6
4,906
19
7
8


156
科米語
Коми
kv
4,108
9,465
124,930
1
5,691
21
291
22


157
高棉語
ភាសាខ្មែរ
km
4,046
20,845
145,400
9
12,802
94
1,094
120


158
馬里語
Олык Марий (Olyk Marij)
mhr
3,924
12,434
126,327
1
5,203
31
358
48


159
邦阿西楠語
Pangasinan
pag
3,855
6,130
51,123
1
3,302
10
43
3


160
卡舒比語
Kaszëbsczi
csb
3,803
7,056
167,049
5
6,795
19
142
17


161
维普森语
Vepsän
vep
3,789
7,604
61,939
1
3,626
17
52
8


162
迪維希語
ދިވެހިބަސް
dv
3,664
10,605
122,115
3
11,663
12
1,117
41


163
客家話
Hak-kâ-fa/客家話
hak
3,654
7,135
90,326
0
10,318
14
38
11


164
諾曼語
Nouormand/Normaund
nrm
3,557
7,902
213,818
3
5,829
7
5
40


165
羅曼什語
Rumantsch
rm
3,475
8,226
145,303
3
7,463
21
54
33


166
科米-彼爾米亞克語
Перем Коми (Perem Komi)
koi
3,429
7,343
54,235
0
3,113
8
274
10


167
烏德穆爾特語
Удмурт кыл
udm
3,385
8,271
101,542
3
5,679
11
120
26


168
薩特蘭弗里斯蘭語
Seeltersk
stq
3,298
8,343
114,755
3
5,669
22
493
32


169
索馬里語
Soomaaliga
so
3,267
10,852
134,252
4
8,782
66
135
67


170
拉地諾語
Dzhudezmo
lad
3,265
10,038
156,643
8
8,355
23
58
67


171
撒丁語
Sardu
sc
3,223
9,958
134,334
2
7,393
23
185
59


172
文言
文言
zh-classical
3,201
64,438
238,528
1
36,296
31
1
--


173
吳語
吴语
wuu
3,200
10,601
211,573
3
26,613
26
422
107


174
利古里亞語
Líguru
lij
3,178
10,671
157,472
2
5,338
21
139
82


175
艾馬拉語
Aymar
ay
3,150
6,765
78,286
0
7,051
18
14
15


176
維吾爾語
ئۇيغۇر تىلى
ug
3,130
9,114
140,864
2
8,380
14
660
56


177
弗留利語
Furlan
fur
3,104
6,823
162,017
2
6,213
20
432
34


178
馬爾他語
Malti
mt
3,021
14,103
245,257
5
8,611
20
1,184
234


178
巴利文
पाऴि
pi
2,807
4,283
100,763
0
2,744
14
1
7


179
諾維亞語
Novial
nov
2,756
5,111
179,213
3
4,538
21
10
26


180
比哈爾語
भोजपुरी
bh
2,755
6,885
117,407
1
4,769
21
14
38


181
里普利安語
Ripoarisch
ksh
2,686
9,652
2,120,789
3
11,311
22
111
--


182
瓜拉尼語
Avañe'ẽ
gn
2,628
7,139
93,883
2
6,271
29
13
39


183
加告茲語
Gagauz
gag
2,609
5,510
58,262
0
3,847
23
9
13


184
康沃爾語
Kernewek/Karnuack
kw
2,601
6,901
170,858
2
5,765
27
75
68


185
古英語
Englisc
ang
2,556
13,124
181,214
1
56,125
48
407
236


186
阿薩姆語
অসমীয়া
as
2,553
31,580
128,249
4
7,785
54
1,219
--


187
庇卡底語
Picard
pcd
2,541
6,077
48,765
1
4,257
28
75
16


188
艾米利安-羅馬諾語
Emiliàn e rumagnòl
eml
2,529
12,101
76,837
5
7,515
33
637
91


189
亞齊語
Bahsa Acèh
ace
2,457
7,094
88,414
1
8,533
38
115
44


190
納瓦霍語
Diné bizaad
nv
2,428
12,465
150,354
3
6,601
16
327
206


191
西里西亞語
Ślůnski
szl
2,368
9,776
221,712
4
8,749
38
3
222


192
埃斯特雷馬杜拉語
Estremeñu
ext
2,317
5,613
108,921
2
7,051
28
3
39


193
阿皮坦語
Arpitan
frp
2,292
5,227
187,576
3
6,004
30
30
59


194
國際語
Interlingue
ie
2,162
4,824
117,291
2
5,799
31
12
37


195
米蘭德斯語
Mirandés
mwl
2,141
6,684
86,689
2
4,851
28
2
58


196
林加拉語
Lingala
ln
2,034
6,576
110,615
2
4,615
23
27
84


197
普法爾茨德語
Pfälzisch
pfl
1,921
4,448
48,715
6
3,610
23
55
19


198
列茲金語
Лезги чІал (Lezgi č’al)
lez
1,902
5,062
47,602
4
2,758
26
111
26


199
卡拉恰伊-巴爾卡爾語
Къарачай-Малкъар (Qarachay-Malqar)
krc
1,892
11,259
102,072
1
3,703
16
89
222


200
卡爾密克語
Хальмг
xal
1,873
8,106
76,057
3
4,350
16
6
104


201
夏威夷語
Hawai`i
haw
1,871
4,411
69,592
1
5,886
18
1
29


202
賓夕法尼亞德語
Deitsch
pdc
1,858
5,116
101,466
3
13,518
26
164
61


203
金亞盧安達語
Ikinyarwanda
rw
1,818
4,848
75,511
0
4,203
19
0
43


204
克里米亞韃靼語
Qırımtatarca
crh
1,806
9,794
120,869
2
6,808
34
5
241


205
下索布語
Dolnoserbski
dsb
1,695
7,245
128,373
3
7,734
32
18
190


206
東加語
faka Tonga
to
1,648
6,078
33,566
1
3,792
18
450
40


207
阿蘭語
ܐܪܡܝܐ
arc
1,606
6,229
90,125
5
8,265
27
72
120


208
格陵蘭語
Kalaallisut
kl
1,602
4,641
70,364
2
5,545
19
1
55


209
厄爾茲亞語
Эрзянь (Erzjanj Kelj)
myv
1,585
3,935
76,079
3
4,291
17
17
43


210
紹納語
chiShona
sn
1,541
3,926
38,071
0
4,224
32
3
23


211
卡布列語
Taqbaylit
kab
1,525
5,039
54,731
1
4,069
18
31
58


212
班查語
Bahasa Banjar
bjn
1,465
8,135
54,938
2
4,169
26
60
140


213
帕皮亞內托語
Papiamentu
pap
1,340
3,459
72,694
1
4,891
22
5
53


214
托克皮辛語
Tok Pisin
tpi
1,250
6,059
78,853
1
5,263
22
3
193


215
卡巴爾達-切爾克斯語
Адыгэбзэ (Adighabze)
kbd
1,234
3,240
32,484
1
2,910
17
18
26


216
寮語
ລາວ
lo
1,212
6,368
45,939
2
5,488
17
23
131


217
勒語
Лакку
lbe
1,201
7,766
39,758
0
3,854
19
3
153


218
沃洛夫語
Wolof
wo
1,193
5,492
98,960
4
6,333
16
72
234


219
莫克沙語
Мокшень (Mokshanj Kälj)
mdf
1,176
4,009
46,615
2
3,660
18
77
67


220
邏輯語
Lojban
jbo
1,170
6,089
109,100
6
6,436
21
14
317


221
三寶顏查瓦卡諾語
Chavacano de Zamboanga
cbk-zam
1,145
2,876
99,418
2
6,519
23
0
79


222
阿瓦爾語
Авар
av
1,094
4,880
51,511
0
4,689
18
2
126


223
蘇利南湯加語
Sranantongo
srn
1,040
2,534
38,030
1
2,910
14
0
31


超过 100 個条目[编辑]


排名
語言
當地語言
維基
條目
總數
編輯次數
管理員
用戶
活躍用戶
文件
深度


224
大溪地語
Reo Mā`ohi
ty
887
3,075
46,402
3
3,170
7
1
92


225
剛果語
KiKongo
kg
854
2,143
39,137
1
3,608
7
3
42


226
阿布哈茲語
Аҧсуа
ab
821
4,199
40,053
1
6,619
22
3
161


227
德頓語
Tetun
tet
780
2,143
53,825
3
3,370
4
1
77


228
拉特加萊語
Latgaļu
ltg
762
2,469
30,289
0
2,102
6
54
62


229
伊格布語
Igbo
ig
743
3,919
53,780
2
4,291
14
9
251


230
諾魯語
dorerin Naoero
na
738
4,132
74,026
4
4,188
6
1
379


231
布里亞特語
Буряад
bxr
701
4,040
33,545
0
4,584
16
15
188


232
北索托語
Sesotho sa Leboa
nso
688
1,659
14,522
1
1,301
4
0
17


233
壯語
Cuengh
za
663
1,954
36,002
0
3,695
7
0
70


234
卡拉卡派克語
Qaraqalpaqsha
kaa
624
2,439
34,622
1
3,871
9
12
120


235
祖魯語
isiZulu
zu
591
3,452
34,067
0
5,996
15
2
231


236
夏炎語
Tsetsêhestâhese
chy
567
1,906
20,166
0
4,110
9
0
59


237
羅姆語
romani - रोमानी
rmy
541
2,356
47,221
1
7,291
9
6
226


238
教會斯拉夫語
Словѣньскъ
cu
512
3,915
68,354
3
10,678
8
2
--


239
塔倫提諾語
Armãneashce
roa-rup
509
4,157
250,532
2
6,627
14
518
--


240
茨瓦納語
Setswana
tn
494
1,911
18,961
3
3,091
11
1
82


241
切羅基語
ᏣᎳᎩ
chr
467
3,504
31,825
2
6,396
22
1
384


242
比斯拉馬語
Bislama
bi
446
1,619
35,905
1
3,786
17
1
153


243
哥德語
𐌲𐌿𐍄𐌹𐍃𐌺
got
432
3,379
28,712
3
6,774
18
15
395


244
閩東語
閩東語/Mìng-dĕ̤ng-ngṳ̄
cdo
429
2,810
34,619
2
6,816
9
46
379


245
薩摩亞語
Gagana Samoa
sm
425
2,820
31,553
0
3,006
9
1
355


246
摩達維亞語 （暂停使用）
Молдовеняскэ
mo
401
2,339
9,986
0
2,122
0
31
100


247
班巴拉語
Bamanankan
bm
390
2,800
34,516
1
4,111
10
1
471


248
伊努伊特語
ᐃᓄᒃᑎᑐᑦ
iu
386
3,541
36,156
3
6,369
14
4
--


249
諾福克語
Norfuk
pih
381
1,514
38,018
1
3,576
10
2
222


250
旁狄希臘語
Ποντιακά
pnt
373
1,651
33,834
4
3,550
11
3
241


251
信德語
سنڌي، سندھی ، सिन्ध
sd
364
3,871
27,637
1
3,525
12
19
--


252
斯瓦特語
SiSwati
ss
364
1,648
35,238
2
2,882
10
4
266


253
基庫尤語
Gĩkũyũ
ki
342
1,569
16,206
0
2,633
7
0
133


254
埃維語
Eʋegbe
ee
295
5,872
43,562
4
4,342
12
0
--


255
豪薩語
هَوُسَ
ha
283
1,638
26,930
2
3,449
18
0
377


256
奧羅莫語
Oromoo
om
273
2,698
18,579
1
2,712
14
5
--


257
斐濟語
Na Vosa Vakaviti
fj
265
1,528
32,294
0
3,276
13
0
480


258
提格利尼亞語
ትግርኛ
ti
257
1,271
18,061
0
2,899
11
1
221


259
聰加語
Xitsonga
ts
240
1,639
27,367
1
3,050
8
0
--


260
喀什米爾語
कश्मीरी/كشميري
ks
227
2,098
26,962
2
3,461
7
1
--


261
文達語
Tshivenda
ve
201
1,272
15,635
0
2,439
11
0
349


262
桑戈語
Sängö
sg
194
1,332
19,319
1
2,458
14
2
499


263
克倫地語
Kirundi
rn
189
1,177
17,575
0
2,923
13
0
408


264
南梭蘇語
Sesotho
st
187
2,257
15,690
1
3,411
17
0
--


265
宗卡語
ཇོང་ཁ
dz
179
1,334
26,170
0
3,365
12
1
--


266
阿坎語
Akana
ak
172
1,446
16,701
1
3,804
12
0
--


267
克裡語
Nehiyaw
cr
171
2,421
24,122
1
5,136
10
0
--


268
圖姆布卡語
chiTumbuka
tum
167
1,178
21,462
0
2,357
7
0
--


269
盧干達語
Luganda
lg
166
1,512
16,752
2
2,286
13
0
--


270
齊佩瓦語
Chi-Chewa
ny
163
1,200
15,827
1
2,508
17
0
--


271
富拉語
Fulfulde
ff
162
1,425
19,867
2
2,873
14
1
--


272
因紐皮亞語
Iñupiak
ik
161
1,835
32,831
1
2,873
13
0
--


273
查莫羅語
Chamoru
ch
159
2,174
15,412
0
5,266
15
1
--


274
特威語
Twi
tw
153
1,046
14,857
1
3,988
16
0
484


275
科薩語
isiXhosa
xh
147
1,395
23,555
0
3,295
19
0
--


超过 10 個条目[编辑]


排名
語言
當地語言
維基
條目
總數
編輯次數
管理員
用戶
活躍用戶
文件
深度


276
恩东加语 （暂停使用）
Oshiwambo
ng
21
428
5,902
0
1,718
0
1
--


277
四川彝語 （暂停使用）
ꆇꉙ
ii
16
158
11,514
0
1,339
92
3
--


278
喬克托語 （暂停使用）
Choctaw
cho
15
140
4,050
0
1,230
12
2
--


279
馬紹爾語 （暂停使用）
Ebon
mh
10
163
4,087
0
1,656
20
2
--


超过 1 個条目[编辑]


排名
語言
當地語言
維基
條目
總數
編輯次數
管理員
用戶
活躍用戶
文件
深度


280
阿法爾語 （暂停使用）
Afar
aa
6
1,412
2,473
2
2,558
1
0
96,545


281
寬亞瑪語 （暂停使用）
Kuanyama
kj
5
69
3,422
1
877
80
0
8,755


282
希里摩圖語 （暂停使用）
Hiri Motu
ho
3
75
3,623
0
982
94
0
28,968


283
克里克語 （暂停使用）
Muskogee
mus
2
76
3,490
1
1,223
74
0
64,565


284
卡努里語 （暂停使用）
Kanuri
kr
1
84
4,388
0
3,291
123
0
364,204


没有任何条目（首页除外）[编辑]


排名
語言
當地語言
維基
條目
總數
編輯次數
管理員
用戶
活躍用戶
文件
深度


285
赫雷羅語 （暂停使用）
Otsiherero
hz
0
117
4,314
0
2,141
15
0
--


全部总数[编辑]


条目
总数
编辑次数
管理员
用户
活躍用戶
图像


35,291,141
134,987,979
2,016,074,140
4,040
55,591,942
282,362
2,359,935






隐藏分类：含有日語的條目含有明確引用中文的條目含有非中文內容的條目含有彝語的條目含有卡努里語的條目