2014年世界袋棍球錦標賽
2014年 FIL 世界袋棍球錦標賽是2014年7月10日至19日在美國科羅拉多州商貿城的迪克運動用品公園球場（英语：Dick's Sporting Goods Park），也就是美國職業足球大聯盟球隊科羅拉多急流的主場地舉行。[1]有38個國家參加總計142場比賽，其中有9個國家是第一次參賽，包括比利時、中國、哥倫比亞、哥斯大黎加、以色列、俄羅斯、泰國、土耳其與烏干達。[2]
在7月19日的冠軍賽裡，加拿大隊在11,861位現場觀眾面前，以8-5擊敗美國隊而贏得他們的第三面金牌。[3]



目录


1 名次
2 相關條目
3 參考文獻
4 外部連結



名次[编辑]


名次
球隊
Div
Pld
W
L
GF
GA
GD


1 !
 加拿大
2
7
6
1
91
39
+52


2 !
 美國
1
7
6
1
112
34
+78


3 !
 易洛魁
3
8
5
3
96
75
+21


4
 澳大利亞
4
8
3
5
62
106
-44


5
 英格蘭
6
8
3
5
67
106
-39


6
 蘇格蘭
1
8
6
2
117
68
+49


7
 以色列
1
8
6
2
120
47
+73


8
 日本
5
8
2
6
77
124
-47


9
 德國
1
8
6
2
87
59
+28


10
 愛爾蘭
1
8
6
2
105
63
+42


11
 瑞典
2
8
6
2
94
63
+31


12
 紐西蘭
1
8
4
4
98
75
+23


13
 芬蘭
1
8
6
2
98
40
+58


14
 捷克共和國
1
7
4
3
69
46
+23


15
 瑞士
2
8
5
3
63
67
-4


16
 荷蘭
1
7
2
5
72
69
+3


17
 威爾斯
2
7
5
2
81
52
29


18
 義大利
2
8
5
3
97
89
+8


19
 拉脫維亞
3
8
5
3
113
81
+32


20
 波蘭
2
7
3
4
78
59
+19


21
 香港
2
8
5
3
78
103
-25


22
 土耳其
3
8
4
4
50
55
-5


23
 墨西哥
2
7
3
4
58
72
-14


24
 百慕達
2
7
2
5
64
86
-22


25
 挪威
3
7
5
2
88
63
+25


26
 斯洛伐克
3
7
3
4
57
70
-13


27
 比利時
4
8
4
4
60
61
-1


28
 奧地利
3
8
3
5
71
70
+1


29
 泰國
4
8
4
4
81
82
-1


30
 西班牙
3
7
2
5
49
83
-34


31
 法國
3
7
2
5
50
76
-26


32
 俄羅斯
3
8
2
6
46
80
-34


33
 中國
4
7
3
4
61
101
-40


34
 烏干達
4
7
2
5
40
78
-38


35
 韓國
4
7
2
5
70
91
-21


36
 阿根廷
4
7
1
6
38
71
-33


37
 哥倫比亞
4
6
1
5
28
74
-46


38
 哥斯大黎加
4
6
0
6
15
104
-89


相關條目[编辑]

袋棍球
國際袋棍球總會
世界袋棍球錦標賽

參考文獻[编辑]

^ Schedule Released for FIL World Championship. March 4, 2014 [March 24, 2014]. 
^ Record Field for 2014 FIL World Championship. March 4, 2014 [March 24, 2014]. 
^ Canada Beats USA to Capture Third World Title. July 19, 2014 [July 19, 2014]. 

外部連結[编辑]

世界袋棍球總會
2014年世界袋棍球錦標賽官網









查
论
编


世界袋棍球錦標賽






錦標賽



加拿大 1967
澳大利亞 1974
英格蘭 1978
美國 1982
加拿大 1986
澳大利亞 1990
英格蘭 1994
美國 1998
澳大利 2002
加拿大 2006
英格蘭 2010
美國 2014
英格蘭 2018












分类：世界袋棍球錦標賽